3683
59 208 70 208
61 0 72 0
46 107 57 107
187 0 198 0
23 249 34 249
108 249 119 249
148 249 159 249
64 237 75 237
129 0 140 0
23 0 34 0
10 0 21 0
124 22 135 22
102 0 113 0
73 0 84 0
173 226 184 226
62 132 73 132
46 0 57 0
182 51 193 51
87 0 98 0
152 0 163 0
128 249 139 249
165 249 176 249
59 207 70 207
62 131 73 131
97 116 108 116
28 124 39 124
171 0 182 0
48 249 59 249
115 0 126 0
52 189 63 189
182 50 193 50
95 185 106 185
28 125 39 125
86 249 97 249
89 14 100 14
8 230 19 230
16 229 27 229
104 5 115 5
31 29 42 29
133 82 144 82
28 129 39 129
89 15 100 15
34 104 45 104
148 75 159 75
136 15 147 15
101 152 112 152
6 249 17 249
61 1 72 1
60 116 65 117
182 128 193 128
184 86 195 86
52 239 63 239
28 123 39 123
97 113 102 114
111 11 122 11
1 196 12 196
125 72 136 72
34 105 45 105
187 95 198 95
11 159 22 159
116 5 127 5
77 215 88 215
188 2 199 2
97 2 108 2
92 231 103 231
122 1 133 1
89 17 100 17
116 6 127 6
31 50 42 50
75 156 86 156
12 246 23 246
166 120 171 121
1 195 12 195
125 71 136 71
135 129 146 129
64 249 75 249
68 179 79 179
1 194 12 194
134 144 145 144
12 84 23 84
28 248 39 248
99 12 110 12
23 1 34 1
186 225 197 225
120 164 131 164
35 249 46 249
47 244 58 244
156 5 167 5
184 7 195 7
34 3 45 3
187 3 198 3
1 200 12 200
113 48 124 48
77 216 88 216
192 248 197 249
90 223 95 224
148 74 159 74
99 13 110 13
138 149 143 150
1 197 12 197
97 3 108 3
106 171 117 171
56 27 67 27
33 208 44 208
155 236 166 236
36 84 47 84
73 1 84 1
122 248 127 249
137 246 148 246
182 53 193 53
65 5 76 5
52 238 63 238
1 193 12 193
159 3 170 3
46 106 57 106
34 102 45 102
182 48 193 48
60 120 71 120
115 241 126 241
36 224 47 224
125 247 136 247
46 108 57 108
124 23 135 23
156 4 167 4
89 16 100 16
64 238 75 238
54 63 65 63
134 244 145 244
48 7 59 7
85 124 96 124
33 209 44 209
60 121 71 121
36 46 47 46
97 115 108 115
87 18 98 18
159 1 170 1
60 118 71 118
40 1 51 1
58 140 69 140
113 195 124 195
165 248 176 248
20 152 31 152
64 235 75 235
28 126 33 127
105 75 116 75
75 154 86 154
20 118 31 118
106 172 117 172
113 47 124 47
59 206 70 206
1 198 12 198
77 148 88 148
58 139 69 139
48 117 59 117
52 237 63 237
52 190 57 191
78 11 89 11
187 96 198 96
120 163 131 163
14 166 25 166
116 4 127 4
56 28 67 28
33 201 44 201
9 104 20 104
120 165 131 165
34 101 45 101
113 194 124 194
28 128 39 128
115 242 126 242
106 9 111 10
133 116 144 116
20 119 31 119
31 51 42 51
136 109 147 109
97 1 108 1
35 185 46 185
6 106 17 106
33 200 44 200
84 38 95 38
133 80 144 80
131 130 142 130
134 1 145 1
194 41 199 42
179 249 190 249
60 119 71 119
46 109 57 109
182 130 193 130
156 217 167 217
105 73 116 73
12 248 23 248
12 247 23 247
28 131 39 131
77 149 88 149
48 116 59 116
20 135 31 135
101 153 112 153
77 150 88 150
138 151 149 151
119 117 130 117
145 122 156 122
68 38 79 38
34 70 45 70
33 210 44 210
36 227 47 227
52 181 63 181
4 1 15 1
65 4 76 4
34 103 45 103
34 97 45 97
62 129 73 129
104 4 115 4
31 49 42 49
136 14 147 14
84 200 95 200
145 123 156 123
102 104 113 104
174 1 185 1
28 247 39 247
64 81 69 82
110 232 121 232
154 27 165 27
182 129 193 129
108 30 119 30
182 49 193 49
66 199 77 199
183 60 194 60
182 46 187 47
180 155 191 155
181 44 192 44
151 248 162 248
156 2 167 2
138 154 149 154
77 151 88 151
184 85 195 85
145 159 156 159
64 84 75 84
134 143 145 143
156 216 167 216
131 131 142 131
198 21 199 26
34 71 45 71
58 142 69 142
120 167 131 167
62 130 73 130
43 218 54 218
154 26 165 26
11 160 22 160
173 224 184 224
77 147 88 147
77 146 88 146
130 73 141 73
48 8 59 8
108 134 119 134
113 49 124 49
130 20 141 20
156 73 167 73
46 105 57 105
136 16 147 16
73 157 84 157
16 232 27 232
99 248 104 249
8 224 13 225
95 188 106 188
59 209 70 209
76 88 87 88
184 8 195 8
52 114 63 114
169 87 180 87
166 237 177 237
6 105 17 105
1 199 12 199
136 22 147 22
108 135 119 135
65 3 76 3
20 153 31 153
52 188 63 188
169 2 180 2
110 238 121 238
54 61 59 62
136 3 147 3
68 136 79 136
36 225 41 226
133 83 144 83
190 109 195 110
105 74 116 74
4 86 15 86
187 94 198 94
65 222 76 222
91 155 102 155
173 228 184 228
34 4 39 5
76 48 87 48
102 105 113 105
191 73 196 74
135 38 146 38
115 170 126 170
139 97 150 97
124 21 135 21
64 83 75 83
139 98 150 98
154 34 159 35
126 176 137 176
80 240 91 240
27 2 38 2
138 32 149 32
36 223 47 223
159 147 170 147
70 164 81 164
166 83 177 83
9 102 20 102
148 76 159 76
182 127 193 127
86 72 97 72
95 186 106 186
30 28 41 28
145 158 156 158
63 72 74 72
98 117 103 118
136 248 147 248
144 219 155 219
25 156 36 156
113 46 124 46
163 52 174 52
78 214 89 214
75 248 86 248
68 180 79 180
110 233 121 233
73 99 84 99
33 207 44 207
48 115 59 115
169 13 180 13
43 216 54 216
75 110 86 110
30 27 41 27
169 86 180 86
164 66 175 66
64 2 75 2
64 15 75 15
58 138 69 138
181 45 192 45
28 132 39 132
56 26 67 26
120 168 131 168
43 118 54 118
186 226 197 226
108 136 119 136
165 93 176 93
82 162 93 162
138 152 149 152
77 118 88 118
121 53 132 53
8 226 19 226
144 233 155 233
91 154 102 154
122 2 133 2
122 3 133 3
14 165 25 165
163 51 174 51
21 195 32 195
135 36 146 36
124 24 135 24
11 158 22 158
20 136 31 136
97 8 108 8
56 234 67 234
92 232 103 232
92 230 103 230
96 69 107 69
71 30 82 30
9 243 20 243
64 16 75 16
77 213 88 213
115 80 126 80
182 233 193 233
99 237 110 237
81 76 92 76
102 68 113 68
184 9 195 9
114 227 125 227
113 196 124 196
147 222 158 222
122 34 133 34
154 25 165 25
172 169 183 169
49 54 60 54
116 243 127 243
45 248 56 248
64 85 75 85
31 52 42 52
77 116 82 117
96 39 107 39
124 25 135 25
190 35 195 36
23 117 34 117
84 226 95 226
70 158 81 158
130 74 141 74
84 2 95 2
128 230 139 230
194 206 199 207
182 57 193 57
139 99 150 99
20 151 31 151
106 248 117 248
40 2 51 2
77 115 88 115
90 225 101 225
136 13 147 13
33 198 44 198
66 200 71 201
152 100 163 100
20 120 31 120
103 198 114 198
81 198 92 198
166 235 177 235
28 83 39 83
13 172 24 172
187 97 198 97
72 153 83 153
139 96 150 96
56 29 67 29
136 7 147 7
93 189 104 189
70 236 81 236
138 153 149 153
136 127 147 127
144 234 155 234
137 117 148 117
28 137 39 137
5 50 16 50
11 161 22 161
1 192 12 192
76 86 87 86
154 86 165 86
102 70 113 70
16 233 27 233
73 97 84 97
17 114 28 114
84 201 95 201
120 116 131 116
144 91 155 91
73 96 84 96
75 111 86 111
150 190 161 190
165 92 176 92
95 183 100 184
106 173 117 173
115 78 126 78
136 4 141 5
116 244 127 244
114 228 125 228
190 111 195 112
102 103 113 103
62 133 73 133
172 247 183 247
135 93 146 93
135 128 146 128
85 116 96 116
9 101 20 101
136 49 147 49
184 88 195 88
60 190 71 190
77 152 88 152
137 121 148 121
183 61 194 61
145 157 156 157
127 90 138 90
8 228 19 228
8 223 19 223
68 39 79 39
166 122 171 123
81 196 86 197
131 133 142 133
144 235 155 235
5 51 16 51
137 119 148 119
119 118 130 118
147 80 158 80
4 85 15 85
95 187 106 187
108 36 119 36
98 204 109 204
92 119 103 119
133 115 144 115
136 17 147 17
92 229 103 229
55 86 66 86
80 239 91 239
186 224 197 224
115 239 120 240
40 4 51 4
178 145 189 145
35 186 46 186
99 240 110 240
16 227 27 227
67 165 78 165
119 115 130 115
17 111 28 111
185 25 196 25
134 175 145 175
28 82 39 82
97 7 108 7
84 199 95 199
0 248 5 249
160 156 165 157
77 121 88 121
182 175 193 175
93 190 104 190
159 148 170 148
99 239 110 239
30 30 41 30
92 227 103 227
125 70 136 70
169 88 180 88
25 159 36 159
12 82 17 83
64 80 75 80
27 74 38 74
13 171 24 171
166 119 177 119
196 89 199 91
84 202 95 202
89 19 100 19
76 50 87 50
198 81 199 86
52 186 63 186
166 82 177 82
54 60 65 60
138 147 143 148
64 7 75 7
119 40 130 40
152 231 163 231
80 119 91 119
104 6 115 6
159 186 170 186
180 156 191 156
78 10 89 10
191 187 196 188
147 245 158 245
34 99 45 99
145 18 156 18
106 208 117 208
42 247 53 247
84 58 95 58
77 114 88 114
52 180 63 180
104 65 115 65
119 41 130 41
136 6 147 6
34 95 45 95
72 159 83 159
182 55 193 55
136 110 141 111
18 73 29 73
17 115 28 115
86 74 97 74
159 146 170 146
90 222 101 222
57 144 68 144
171 203 176 204
153 77 164 77
145 160 156 160
135 40 146 40
34 98 45 98
144 92 155 92
113 193 124 193
77 217 88 217
59 205 70 205
131 132 142 132
92 228 103 228
84 39 95 39
52 182 63 182
138 195 149 195
135 37 146 37
135 39 146 39
49 53 60 53
12 245 23 245
183 132 194 132
64 240 75 240
152 232 163 232
43 119 54 119
172 239 183 239
158 71 169 71
165 163 176 163
103 123 114 123
160 158 171 158
116 177 127 177
187 99 198 99
6 110 17 110
34 22 45 22
147 247 158 247
75 63 86 63
138 194 149 194
152 101 163 101
88 25 99 25
131 18 142 18
85 13 96 13
6 47 17 47
1 201 12 201
52 41 63 41
31 48 42 48
1 72 12 72
174 238 185 238
27 239 38 239
169 111 180 111
162 234 173 234
152 99 163 99
163 50 174 50
98 98 103 99
14 164 25 164
129 79 140 79
55 49 66 49
14 201 25 201
184 6 195 6
39 76 50 76
171 212 182 212
2 8 13 8
143 73 154 73
21 194 32 194
116 230 127 230
79 78 90 78
173 106 184 106
116 178 127 178
114 234 125 234
14 5 25 5
105 72 116 72
66 67 77 67
39 65 50 65
4 229 15 229
184 84 195 84
111 13 122 13
26 203 31 204
68 37 79 37
97 111 102 112
137 113 148 113
154 85 165 85
106 14 117 14
182 131 193 131
180 153 191 153
173 223 184 223
66 197 71 198
154 36 165 36
147 1 158 1
68 40 79 40
134 173 145 173
164 64 175 64
128 231 133 232
103 199 114 199
73 167 84 167
106 149 117 149
28 122 39 122
86 71 97 71
106 169 117 169
152 102 163 102
6 217 17 217
35 184 46 184
97 247 108 247
63 71 74 71
36 47 47 47
12 71 23 71
55 204 66 204
172 171 183 171
140 53 151 53
122 7 133 7
172 172 183 172
182 232 193 232
6 141 17 141
13 173 24 173
55 87 66 87
105 76 116 76
145 19 156 19
16 87 27 87
17 112 28 112
137 242 142 243
84 31 95 31
125 61 136 61
163 53 174 53
138 193 149 193
167 134 178 134
64 14 75 14
140 102 151 102
134 171 145 171
106 174 117 174
69 103 80 103
48 3 59 3
119 39 130 39
16 133 27 133
59 210 70 210
96 40 107 40
166 43 177 43
142 203 153 203
155 238 166 238
199 238 199 249
6 140 17 140
80 165 91 165
156 215 167 215
46 57 57 57
54 64 65 64
144 218 155 218
101 151 112 151
100 109 111 109
80 4 91 4
27 57 38 57
33 197 44 197
14 202 25 202
47 245 52 246
165 179 176 179
40 113 51 113
108 133 119 133
105 71 116 71
124 98 135 98
182 234 193 234
63 203 74 203
68 178 79 178
48 10 59 10
8 231 19 231
100 110 111 110
145 161 156 161
103 121 114 121
39 211 50 211
190 58 195 59
64 17 75 17
134 141 139 142
163 48 174 48
96 122 107 122
165 180 176 180
73 43 84 43
52 240 57 241
136 48 147 48
138 196 149 196
79 79 90 79
27 75 38 75
151 180 162 180
122 8 133 8
181 154 192 154
20 150 31 150
9 244 20 244
110 236 121 236
84 81 95 81
14 4 25 4
166 41 177 41
36 16 47 16
145 20 156 20
100 42 111 42
0 2 11 2
21 177 32 177
1 191 12 191
64 213 75 213
152 230 163 230
122 42 133 42
144 217 155 217
104 64 115 64
80 238 91 238
116 179 127 179
56 232 67 232
166 81 177 81
165 98 176 98
98 205 109 205
167 132 172 133
154 24 165 24
136 12 147 12
187 193 198 193
27 60 38 60
75 27 86 27
60 97 71 97
75 26 86 26
164 7 175 7
159 188 170 188
144 2 155 2
184 83 195 83
113 45 124 45
189 136 194 137
65 221 76 221
64 32 75 32
37 72 48 72
77 193 82 194
185 87 196 87
77 145 88 145
40 126 51 126
139 100 150 100
84 59 95 59
188 4 199 4
33 36 44 36
59 226 70 226
151 93 162 93
125 62 136 62
105 219 116 219
113 109 124 109
60 191 71 191
115 204 126 204
40 40 51 40
178 144 189 144
56 233 67 233
65 18 76 18
39 74 50 74
60 96 71 96
134 135 145 135
134 145 139 146
57 225 68 225
73 44 84 44
165 94 176 94
111 175 122 175
92 144 103 144
33 206 44 206
148 95 159 95
91 152 96 153
102 108 113 108
25 155 36 155
144 216 155 216
140 84 151 84
121 189 132 189
145 64 156 64
67 166 78 166
173 192 184 192
56 25 67 25
33 205 44 205
134 172 145 172
77 122 88 122
78 9 89 9
108 31 119 31
159 187 170 187
145 155 156 155
62 122 67 123
80 221 91 221
65 22 70 23
91 179 102 179
34 6 45 6
152 229 163 229
159 149 170 149
82 163 93 163
78 3 89 3
173 117 184 117
169 15 180 15
119 171 130 171
113 50 124 50
99 241 110 241
91 156 102 156
21 196 32 196
52 135 63 135
153 78 164 78
6 142 17 142
64 214 75 214
60 187 71 187
97 38 108 38
131 184 142 184
122 104 133 104
76 89 87 89
8 234 19 234
17 113 28 113
170 40 181 40
174 236 185 236
99 192 110 192
16 86 27 86
165 91 176 91
85 1 96 1
84 37 95 37
151 178 162 178
103 197 114 197
194 39 199 40
11 163 22 163
20 121 31 121
110 148 121 148
40 41 51 41
111 214 122 214
102 102 113 102
130 138 141 138
64 215 75 215
76 49 87 49
152 46 163 46
162 172 167 173
84 67 95 67
14 216 25 216
121 56 132 56
182 174 193 174
64 31 75 31
39 73 50 73
28 88 39 88
63 143 74 143
116 1 121 2
36 14 47 14
183 134 194 134
154 21 165 21
160 19 171 19
8 222 19 222
103 194 108 195
122 35 133 35
121 52 132 52
28 222 39 222
98 24 109 24
156 6 167 6
132 163 143 163
89 209 100 209
131 125 142 125
27 59 38 59
173 159 184 159
40 5 51 5
102 107 113 107
106 62 117 62
47 242 58 242
114 235 125 235
178 160 183 161
117 28 128 28
34 7 45 7
38 114 49 114
46 110 57 110
28 133 39 133
106 207 117 207
123 127 134 127
121 54 126 55
34 21 45 21
48 6 59 6
173 157 184 157
60 99 71 99
21 193 32 193
119 173 130 173
137 118 148 118
73 100 84 100
173 229 184 229
75 90 86 90
20 127 25 128
121 208 132 208
142 182 153 182
86 159 97 159
28 139 39 139
119 160 130 160
151 179 162 179
143 72 154 72
154 37 165 37
85 123 96 123
16 132 27 132
27 240 38 240
33 35 44 35
150 166 161 166
127 88 138 88
178 109 189 109
152 228 163 228
39 61 50 61
140 227 151 227
38 171 49 171
171 211 182 211
59 202 70 202
34 106 45 106
73 69 84 69
150 167 161 167
70 160 81 160
139 94 150 94
169 85 180 85
168 63 179 63
48 20 59 20
46 59 57 59
186 223 197 223
126 65 137 65
123 246 134 246
85 120 96 120
124 27 135 27
63 73 74 73
75 91 86 91
48 9 59 9
160 17 171 17
115 245 126 245
125 119 136 119
6 107 17 107
143 70 154 70
84 66 95 66
169 89 180 89
85 6 96 6
28 134 39 134
52 183 63 183
43 120 54 120
132 245 143 245
137 114 148 114
116 229 127 229
85 5 96 5
137 112 148 112
86 73 97 73
116 225 127 225
150 191 161 191
173 184 184 184
174 3 185 3
194 43 199 44
36 228 47 228
2 3 13 3
169 116 180 116
165 181 176 181
39 63 50 63
85 7 96 7
121 188 132 188
48 66 59 66
194 150 199 151
127 91 138 91
149 137 160 137
161 61 172 61
138 101 149 101
182 56 193 56
21 241 32 241
134 136 145 136
111 166 122 166
180 201 191 201
130 75 141 75
25 157 36 157
124 29 135 29
140 52 151 52
176 188 187 188
39 75 50 75
115 200 126 200
138 103 149 103
136 46 147 46
187 92 198 92
91 215 102 215
108 37 119 37
140 85 151 85
92 145 103 145
71 24 82 24
28 138 39 138
62 76 73 76
105 218 116 218
123 84 134 84
64 79 75 79
103 200 114 200
124 76 129 77
110 145 121 145
108 35 119 35
124 99 135 99
153 83 164 83
140 54 151 54
159 224 170 224
158 72 169 72
122 211 133 211
50 11 61 11
39 64 50 64
150 237 161 237
157 202 168 202
132 238 143 238
148 205 159 205
180 215 191 215
77 218 88 218
69 98 80 98
86 70 97 70
196 146 199 148
27 58 38 58
73 168 84 168
97 5 102 6
152 45 163 45
132 164 143 164
49 52 60 52
43 121 54 121
130 229 141 229
73 95 84 95
84 82 95 82
173 194 184 194
184 82 195 82
170 4 181 4
103 124 114 124
134 170 145 170
19 238 30 238
184 11 195 11
169 12 180 12
66 66 77 66
160 155 171 155
65 20 76 20
9 99 14 100
128 45 139 45
46 111 57 111
119 38 130 38
182 125 193 125
152 44 163 44
75 224 80 225
178 146 189 146
196 196 199 198
89 53 100 53
52 136 63 136
62 78 73 78
9 149 20 149
109 84 120 84
115 201 126 201
106 160 117 160
92 146 103 146
52 235 57 236
136 9 147 9
150 170 161 170
65 19 76 19
124 26 135 26
33 246 44 246
59 224 70 224
89 52 100 52
82 164 93 164
121 207 132 207
136 10 147 10
130 19 141 19
12 49 23 49
76 170 87 170
36 15 47 15
12 46 23 46
154 33 165 33
136 108 147 108
95 101 106 101
195 159 198 161
136 126 147 126
71 25 82 25
51 155 62 155
66 68 77 68
1 134 12 134
147 243 158 243
6 139 17 139
69 105 80 105
144 214 155 214
113 110 124 110
52 192 63 192
84 224 89 225
36 44 41 45
166 136 177 136
186 227 197 227
93 246 104 246
64 172 75 172
31 31 42 31
89 208 100 208
144 220 155 220
21 178 32 178
89 20 100 20
133 86 144 86
30 26 41 26
1 73 12 73
48 68 59 68
11 157 22 157
27 76 38 76
39 62 50 62
125 64 136 64
125 149 136 149
19 237 30 237
178 162 189 162
191 71 196 72
41 83 52 83
80 166 91 166
138 31 149 31
84 203 95 203
27 34 38 34
101 164 112 164
85 117 96 117
187 93 198 93
187 245 198 245
130 140 141 140
39 77 50 77
172 246 183 246
145 124 156 124
180 203 191 203
94 35 105 35
6 218 17 218
113 147 124 147
85 108 96 108
84 83 95 83
156 218 167 218
178 66 189 66
131 186 142 186
113 144 124 144
180 209 191 209
52 193 63 193
64 171 75 171
77 219 88 219
178 143 189 143
180 202 191 202
77 144 88 144
151 177 162 177
52 113 63 113
166 80 177 80
173 195 184 195
140 51 151 51
171 205 182 205
167 135 178 135
114 156 125 156
61 248 72 248
144 104 155 104
142 50 153 50
68 137 79 137
119 114 130 114
182 126 193 126
31 190 42 190
184 5 195 5
35 187 46 187
181 43 192 43
48 19 59 19
149 43 160 43
148 134 159 134
67 184 78 184
173 193 184 193
122 182 133 182
34 69 45 69
92 29 103 29
156 214 167 214
144 215 155 215
81 75 92 75
28 149 39 149
140 56 151 56
196 209 199 211
104 66 115 66
71 233 82 233
40 42 51 42
108 32 119 32
108 132 119 132
2 7 13 7
48 67 59 67
106 158 117 158
62 127 67 128
166 84 177 84
52 137 63 137
21 197 32 197
122 10 133 10
113 146 124 146
33 196 44 196
46 104 57 104
162 174 173 174
131 123 136 124
50 147 61 147
59 223 70 223
136 67 147 67
116 226 127 226
170 227 181 227
52 2 63 2
122 9 133 9
38 172 49 172
98 97 109 97
9 242 20 242
108 33 119 33
132 165 143 165
64 13 75 13
100 223 111 223
92 143 103 143
99 193 110 193
35 183 46 183
108 137 119 137
33 38 44 38
150 165 161 165
38 169 49 169
57 145 68 145
173 105 184 105
196 141 199 143
75 92 86 92
36 85 47 85
66 6 77 6
6 108 17 108
34 8 45 8
86 161 97 161
161 221 172 221
121 31 126 32
184 81 195 81
84 57 95 57
135 41 146 41
26 202 37 202
84 65 95 65
165 165 176 165
89 54 100 54
71 23 82 23
1 133 12 133
157 129 168 129
107 165 118 165
149 42 160 42
75 247 86 247
76 174 87 174
51 154 62 154
120 30 131 30
183 62 194 62
147 81 158 81
152 227 163 227
59 227 70 227
55 84 60 85
157 128 168 128
92 233 103 233
67 186 78 186
180 199 191 199
105 217 116 217
119 159 130 159
166 125 177 125
150 168 161 168
166 42 177 42
55 88 66 88
140 228 151 228
171 207 182 207
84 33 95 33
151 89 162 89
12 70 23 70
178 110 189 110
125 50 136 50
80 237 91 237
166 233 177 233
84 60 95 60
52 184 63 184
177 248 188 248
35 188 46 188
148 206 159 206
165 100 176 100
125 69 136 69
70 163 81 163
115 205 126 205
88 111 93 112
152 103 163 103
21 192 32 192
55 48 66 48
16 225 27 225
75 109 86 109
73 94 84 94
143 65 154 65
27 245 38 245
98 206 109 206
89 136 100 136
121 187 132 187
6 48 17 48
149 136 160 136
40 112 51 112
88 26 99 26
173 198 184 198
99 191 110 191
132 166 143 166
118 93 129 93
2 68 7 69
198 14 199 19
180 200 191 200
14 3 25 3
59 229 70 229
151 176 162 176
16 131 27 131
154 87 165 87
191 75 196 76
5 22 16 22
31 191 42 191
130 120 141 120
170 222 181 222
149 138 160 138
154 192 165 192
14 2 25 2
61 33 72 33
1 135 12 135
13 144 24 144
108 34 119 34
48 13 59 13
175 178 186 178
103 126 114 126
129 78 140 78
49 55 60 55
68 177 79 177
124 198 135 198
182 231 193 231
43 219 48 220
92 4 103 4
108 18 119 18
4 87 15 87
190 113 195 114
147 221 158 221
180 152 191 152
171 206 182 206
17 116 22 117
122 210 133 210
85 45 96 45
91 160 102 160
146 106 157 106
12 59 23 59
34 13 45 13
125 47 136 47
148 28 159 28
89 211 100 211
180 208 191 208
84 84 95 84
180 138 191 138
5 52 16 52
138 200 149 200
125 63 136 63
173 118 184 118
150 169 161 169
90 149 101 149
40 125 51 125
136 24 147 24
34 10 45 10
90 216 101 216
64 8 75 8
77 220 88 220
108 17 119 17
104 117 115 117
43 122 54 122
180 104 191 104
28 140 39 140
59 218 70 218
94 100 105 100
84 36 95 36
28 87 39 87
166 39 177 39
148 207 159 207
54 58 65 58
34 94 45 94
33 39 44 39
52 43 63 43
27 104 32 105
21 243 32 243
168 54 179 54
145 125 156 125
83 169 94 169
87 248 98 248
152 98 163 98
149 139 160 139
38 170 49 170
98 203 109 203
169 115 180 115
118 95 129 95
132 241 143 241
119 161 130 161
103 120 114 120
173 112 184 112
88 27 99 27
34 23 39 24
5 123 16 123
144 55 155 55
91 178 102 178
63 70 74 70
51 157 62 157
124 174 129 175
144 240 155 240
157 203 168 203
156 162 167 162
34 9 45 9
87 126 98 126
154 32 165 32
13 145 24 145
165 99 176 99
110 231 121 231
120 162 131 162
27 244 38 244
52 185 63 185
151 175 162 175
136 68 147 68
96 67 107 67
165 164 176 164
70 234 81 234
173 183 184 183
191 246 196 247
194 216 199 217
157 127 168 127
157 126 168 126
139 155 142 157
33 192 44 192
113 111 124 111
58 110 69 110
33 204 44 204
31 144 42 144
115 203 126 203
68 181 79 181
182 58 187 59
60 102 71 102
56 24 67 24
13 170 24 170
48 16 59 16
126 122 137 122
161 62 172 62
12 58 23 58
52 40 63 40
157 131 168 131
147 223 152 224
191 189 196 190
24 14 35 14
89 207 100 207
33 135 44 135
145 120 156 120
135 35 146 35
147 82 158 82
44 237 49 238
194 219 199 220
52 179 63 179
172 173 183 173
89 135 100 135
142 183 153 183
76 51 87 51
4 30 15 30
115 81 126 81
126 233 137 233
36 229 47 229
85 46 96 46
84 64 95 64
121 135 132 135
150 239 161 239
98 181 109 181
90 148 101 148
108 131 119 131
4 83 9 84
62 125 73 125
21 176 32 176
180 170 191 170
50 148 61 148
136 11 147 11
82 242 93 242
140 57 151 57
166 240 177 240
64 108 75 108
65 220 76 220
113 43 124 43
80 241 91 241
33 37 44 37
77 155 88 155
158 69 163 70
52 134 63 134
111 213 122 213
132 169 143 169
136 8 147 8
173 120 184 120
62 74 73 74
159 150 170 150
76 171 87 171
126 134 137 134
165 34 176 34
48 166 59 166
64 188 75 188
14 203 25 203
190 26 195 27
76 175 87 175
54 65 65 65
110 150 121 150
14 215 25 215
154 90 165 90
148 29 159 29
180 216 191 216
180 217 191 217
108 130 119 130
148 39 159 39
91 158 102 158
103 125 114 125
125 51 136 51
62 75 73 75
58 112 69 112
53 159 64 159
148 40 159 40
84 62 95 62
84 61 95 61
159 151 170 151
48 69 59 69
125 147 136 147
113 44 124 44
191 194 196 195
103 184 114 184
154 88 165 88
172 166 183 166
150 148 155 149
118 96 129 96
59 219 70 219
95 165 106 165
191 191 196 192
67 183 78 183
68 134 73 135
48 143 59 143
38 168 49 168
145 63 156 63
182 124 193 124
106 15 111 16
3 206 14 206
20 95 31 95
19 239 24 240
2 4 13 4
97 245 108 245
90 147 101 147
96 41 107 41
2 9 7 10
140 87 151 87
64 9 75 9
108 128 119 128
34 20 45 20
106 215 117 215
169 114 180 114
52 39 63 39
167 8 178 8
111 216 122 216
116 180 127 180
34 107 45 107
121 57 132 57
173 121 184 121
48 12 59 12
138 198 149 198
60 95 71 95
85 8 96 8
173 191 184 191
70 242 81 242
169 16 180 16
173 190 184 190
178 142 189 142
122 37 133 37
59 141 70 141
132 240 143 240
150 189 161 189
123 87 134 87
1 78 12 78
185 23 190 24
28 223 33 224
123 219 134 219
106 163 117 163
37 160 48 160
106 212 117 212
187 244 198 244
16 78 27 78
176 187 187 187
125 121 136 121
77 192 88 192
194 203 199 204
162 170 173 170
187 171 198 171
187 69 198 69
174 241 179 242
138 34 149 34
66 52 77 52
96 37 107 37
6 221 17 221
51 158 62 158
152 47 163 47
171 213 182 213
36 12 47 12
3 169 14 169
129 43 140 43
68 36 79 36
189 211 194 212
73 161 84 161
1 132 12 132
130 76 141 76
46 164 57 164
175 177 186 177
125 60 136 60
169 90 180 90
63 10 74 10
25 63 36 63
116 224 127 224
6 143 17 143
46 103 57 103
39 58 50 58
159 145 170 145
165 97 176 97
4 162 15 162
180 204 191 204
33 89 44 89
172 168 183 168
60 94 71 94
33 212 44 212
171 65 182 65
53 160 64 160
153 140 164 140
144 212 155 212
126 235 137 235
187 172 198 172
48 165 59 165
52 178 63 178
84 85 95 85
1 190 12 190
181 42 192 42
101 183 112 183
163 175 174 175
58 111 69 111
163 55 174 55
33 193 44 193
173 196 184 196
60 101 71 101
108 129 119 129
62 124 73 124
76 46 81 47
64 241 75 241
124 97 135 97
31 32 42 32
11 156 22 156
157 130 168 130
71 28 76 29
122 106 133 106
93 9 104 9
84 195 95 195
176 186 187 186
166 44 177 44
98 182 109 182
127 197 138 197
118 92 129 92
154 22 165 22
33 203 44 203
39 78 50 78
27 19 38 19
70 244 81 244
120 152 131 152
150 244 161 244
184 12 195 12
129 44 140 44
23 40 34 40
74 223 85 223
39 213 50 213
27 77 38 77
59 212 70 212
132 239 143 239
172 245 183 245
31 154 42 154
125 59 136 59
68 246 79 246
132 168 143 168
196 153 199 155
13 174 24 174
6 220 17 220
27 56 38 56
53 161 64 161
31 25 42 25
172 71 183 71
64 41 75 41
169 113 180 113
106 162 117 162
40 128 51 128
4 239 15 239
85 44 96 44
142 202 153 202
111 29 122 29
36 86 47 86
10 179 21 179
106 209 117 209
175 182 186 182
123 85 134 85
71 22 82 22
165 161 176 161
76 84 81 85
16 99 27 99
36 11 47 11
184 176 195 176
161 220 172 220
77 102 88 102
132 192 143 192
34 17 45 17
55 230 66 230
38 151 49 151
84 80 95 80
130 178 141 178
8 235 19 235
125 148 136 148
14 200 25 200
87 141 98 141
3 207 14 207
121 137 132 137
49 70 60 70
84 34 95 34
117 24 122 25
164 68 175 68
173 189 184 189
176 47 181 48
191 185 196 186
55 50 66 50
13 18 24 18
71 211 82 211
99 77 110 77
136 25 147 25
154 23 165 23
150 171 161 171
147 79 158 79
14 146 25 146
9 241 20 241
144 209 155 209
84 40 95 40
31 182 42 182
59 200 64 201
130 139 141 139
27 235 38 235
115 206 126 206
104 63 115 63
159 223 170 223
144 89 149 90
113 192 124 192
112 20 123 20
89 210 100 210
178 64 189 64
109 210 120 210
39 60 50 60
70 243 81 243
97 93 108 93
111 167 116 168
92 234 103 234
1 74 12 74
138 199 149 199
88 194 99 194
168 137 179 137
85 107 96 107
130 177 141 177
154 194 165 194
34 108 45 108
89 137 100 137
71 208 82 208
6 109 17 109
9 148 20 148
105 202 116 202
173 103 184 103
5 24 16 24
87 142 98 142
144 4 149 5
58 247 69 247
174 243 185 243
134 206 145 206
127 94 138 94
90 214 101 214
76 172 87 172
17 89 28 89
71 210 82 210
66 53 77 53
154 30 165 30
27 33 38 33
172 38 183 38
190 106 195 107
149 135 160 135
9 98 20 98
1 136 12 136
85 113 96 113
172 167 183 167
72 232 83 232
183 135 194 135
147 147 158 147
88 28 99 28
43 215 54 215
125 58 136 58
16 88 27 88
13 17 24 17
91 177 102 177
108 138 119 138
132 236 143 236
91 175 102 175
106 211 117 211
122 183 133 183
27 18 38 18
195 126 198 128
89 55 100 55
126 234 137 234
11 187 22 187
172 36 183 36
122 212 133 212
106 161 117 161
64 169 69 170
89 134 100 134
114 237 125 237
143 66 154 66
77 212 88 212
100 43 111 43
125 89 136 89
134 207 145 207
144 201 155 201
168 28 179 28
109 83 120 83
165 95 176 95
14 214 25 214
184 180 195 180
1 202 12 202
168 138 179 138
168 26 179 26
28 67 39 67
34 91 45 91
122 181 133 181
88 109 93 110
144 210 155 210
178 147 189 147
20 129 25 130
165 96 176 96
98 96 109 96
184 79 195 79
100 224 111 224
20 124 25 125
114 157 125 157
27 242 38 242
160 185 171 185
72 149 75 151
173 108 184 108
152 54 163 54
99 196 110 196
134 53 139 54
4 88 15 88
171 209 176 210
150 119 161 119
145 69 156 69
43 177 54 177
75 61 80 62
24 12 35 12
42 243 53 243
71 207 82 207
76 56 87 56
28 148 39 148
184 77 195 77
62 126 73 126
30 53 35 54
93 79 104 79
12 57 23 57
3 210 14 210
16 6 27 6
194 37 199 38
179 10 190 10
114 155 125 155
88 32 99 32
36 81 47 81
11 45 22 45
94 95 105 95
132 167 143 167
110 127 121 127
99 235 110 235
13 79 24 79
148 204 159 204
38 173 49 173
123 216 134 216
153 142 164 142
123 126 134 126
106 176 117 176
146 107 157 107
190 236 195 237
48 167 59 167
5 20 16 20
59 216 70 216
60 62 71 62
66 93 77 93
55 79 60 80
34 93 45 93
21 180 32 180
185 70 196 70
24 116 35 116
4 124 15 124
11 119 16 120
14 168 25 168
166 79 177 79
5 125 16 125
38 152 49 152
33 189 44 189
75 245 86 245
57 146 68 146
5 122 16 122
42 45 53 45
11 138 22 138
184 78 195 78
197 175 199 178
152 226 163 226
150 246 161 246
105 119 116 119
2 6 13 6
41 82 52 82
195 162 198 164
123 151 134 151
64 162 75 162
113 51 124 51
123 217 134 217
123 220 134 220
125 150 136 150
4 31 15 31
19 13 30 13
110 106 121 106
165 246 170 247
155 8 166 8
168 25 179 25
82 244 93 244
142 58 153 58
163 56 174 56
75 112 86 112
4 103 15 103
106 60 111 61
12 60 23 60
147 146 158 146
60 59 71 59
16 85 27 85
198 51 199 56
179 197 190 197
4 32 15 32
38 116 43 117
20 96 31 96
79 71 84 72
182 230 193 230
135 205 146 205
89 212 100 212
33 110 44 110
2 5 13 5
165 49 176 49
20 94 31 94
150 172 161 172
73 42 84 42
52 71 57 72
19 15 24 16
114 223 125 223
52 194 63 194
154 38 165 38
76 176 87 176
6 66 17 66
150 242 161 242
89 213 100 213
74 227 85 227
94 220 105 220
71 204 82 204
150 164 161 164
112 19 123 19
39 79 50 79
169 11 180 11
103 112 114 112
168 139 179 139
96 201 107 201
15 154 20 155
48 14 59 14
134 187 145 187
58 149 69 149
121 191 132 191
27 102 32 103
76 173 87 173
176 185 187 185
109 247 120 247
59 30 70 30
76 54 87 54
178 141 189 141
91 157 102 157
140 225 145 226
71 206 82 206
64 173 75 173
134 137 145 137
92 127 103 127
64 12 75 12
0 37 11 37
101 226 112 226
34 167 45 167
150 118 161 118
43 233 54 233
191 241 196 242
178 163 189 163
92 219 103 219
123 82 128 83
121 136 132 136
59 231 70 231
122 209 133 209
113 143 124 143
55 89 66 89
185 158 196 158
5 53 16 53
172 176 183 176
6 219 17 219
198 130 199 135
88 23 93 24
123 218 134 218
40 234 51 234
39 239 50 239
198 119 199 124
4 232 15 232
151 94 162 94
159 225 170 225
189 116 194 117
42 18 53 18
194 221 199 222
52 138 57 139
184 181 195 181
165 35 176 35
97 243 108 243
59 45 70 45
77 222 88 222
49 56 60 56
63 11 74 11
125 48 130 49
130 179 141 179
59 221 64 222
140 230 151 230
92 129 103 129
173 102 184 102
160 184 171 184
114 190 125 190
152 241 163 241
33 136 44 136
48 17 59 17
4 167 15 167
135 95 146 95
110 3 121 3
138 30 149 30
145 163 156 163
106 155 111 156
27 100 38 100
124 199 135 199
195 100 198 102
4 240 15 240
4 121 15 121
124 100 135 100
122 185 133 185
80 15 85 16
12 69 23 69
0 46 11 46
88 30 99 30
124 213 135 213
73 45 84 45
77 101 88 101
122 107 133 107
184 13 195 13
184 179 195 179
160 159 171 159
166 46 177 46
54 98 65 98
33 194 44 194
71 104 82 104
4 33 15 33
184 15 195 15
99 244 110 244
125 221 136 221
3 42 14 42
34 92 45 92
156 219 167 219
20 97 31 97
169 5 180 5
134 204 145 204
87 138 98 138
52 44 63 44
76 185 87 185
97 94 108 94
147 225 158 225
28 84 33 85
163 59 174 59
33 66 44 66
60 3 63 5
55 47 66 47
122 103 133 103
55 81 60 82
159 122 164 123
91 176 102 176
168 29 179 29
48 15 59 15
184 133 195 133
55 206 58 208
43 221 54 221
159 153 170 153
171 201 176 202
51 153 62 153
27 35 32 36
116 22 121 23
29 181 40 181
3 244 8 245
116 7 121 8
107 27 118 27
132 162 143 162
64 107 75 107
99 78 110 78
31 158 42 158
31 183 34 185
61 35 72 35
168 107 179 107
166 117 171 118
90 63 101 63
27 79 38 79
12 44 23 44
167 10 178 10
71 209 82 209
33 115 44 115
43 231 54 231
148 133 159 133
5 21 16 21
28 80 33 81
66 196 77 196
190 33 195 34
25 64 36 64
46 163 57 163
91 217 102 217
112 21 123 21
77 106 88 106
106 154 117 154
178 148 189 148
28 147 39 147
87 139 98 139
1 75 12 75
199 106 199 117
184 16 195 16
184 74 189 75
43 24 54 24
5 64 16 64
107 26 118 26
79 13 84 14
121 153 132 153
172 72 183 72
89 51 100 51
168 27 179 27
134 208 145 208
59 217 70 217
154 41 165 41
166 244 177 244
71 218 76 219
123 129 134 129
101 50 112 50
55 51 66 51
25 62 36 62
5 19 16 19
196 5 199 7
165 101 176 101
114 222 125 222
161 200 172 200
92 128 103 128
97 10 102 11
12 81 23 81
178 149 189 149
150 117 161 117
139 90 142 92
25 161 36 161
154 16 159 17
38 150 49 150
197 32 199 35
31 143 42 143
43 25 54 25
0 247 11 247
83 22 94 22
154 15 165 15
178 67 183 68
1 77 12 77
5 111 16 111
27 61 38 61
188 173 199 173
161 60 172 60
119 158 130 158
191 18 196 19
119 119 124 120
86 77 97 77
43 232 54 232
145 62 156 62
137 123 142 124
9 65 20 65
180 214 191 214
91 184 94 186
89 180 100 180
12 56 23 56
139 158 144 159
12 68 23 68
33 111 44 111
3 204 14 204
148 208 159 208
84 205 95 205
92 102 97 103
184 14 195 14
125 67 130 68
57 245 68 245
0 34 5 35
154 13 165 13
144 111 155 111
106 246 117 246
77 143 88 143
29 55 40 55
121 131 124 133
152 52 157 53
1 203 12 203
13 175 24 175
150 173 161 173
119 113 130 113
113 16 124 16
5 25 16 25
19 110 30 110
103 114 114 114
144 211 155 211
42 88 53 88
59 46 70 46
138 77 149 77
105 229 110 230
107 101 118 101
157 124 168 124
172 73 183 73
47 38 58 38
152 213 163 213
74 228 85 228
105 227 110 228
77 191 88 191
64 192 75 192
190 30 195 31
71 205 82 205
40 124 51 124
76 123 81 124
5 126 16 126
48 141 53 142
43 222 54 222
129 5 134 6
130 180 141 180
13 77 24 77
31 145 42 145
185 52 196 52
181 22 192 22
71 202 82 202
117 125 128 125
192 199 197 200
167 9 178 9
54 151 65 151
180 210 191 210
39 80 50 80
97 242 108 242
142 180 147 181
44 145 55 145
153 143 164 143
159 154 170 154
154 31 165 31
3 205 14 205
132 190 143 190
153 181 164 181
173 155 178 156
152 105 163 105
183 139 194 139
151 197 162 197
91 236 102 236
17 205 28 205
96 198 101 199
147 150 158 150
34 230 45 230
134 185 145 185
71 21 82 21
75 64 80 65
105 221 116 221
60 61 71 61
182 123 193 123
73 55 84 55
144 236 149 237
99 75 104 76
14 183 25 183
52 195 63 195
154 195 165 195
69 116 74 117
31 45 34 47
152 97 163 97
103 113 114 113
163 58 174 58
86 99 91 100
85 47 96 47
83 207 88 208
95 166 106 166
11 186 22 186
190 28 195 29
32 164 43 164
4 89 15 89
12 61 23 61
39 178 50 178
41 214 52 214
122 108 133 108
122 102 133 102
5 54 16 54
140 59 151 59
178 164 189 164
185 157 196 157
93 240 98 241
172 70 183 70
12 37 23 37
160 160 171 160
25 162 36 162
196 138 199 140
97 91 108 91
60 92 71 92
1 171 12 171
66 57 77 57
30 163 41 163
128 228 139 228
24 11 35 11
118 71 123 72
188 165 199 165
97 92 108 92
163 57 174 57
98 23 109 23
83 21 94 21
99 80 110 80
144 238 149 239
26 216 37 216
89 132 94 133
43 123 54 123
89 56 100 56
148 26 153 27
186 40 191 41
55 211 66 211
50 150 61 150
33 68 44 68
147 145 158 145
60 103 65 104
84 206 95 206
2 11 13 11
58 21 63 22
195 120 197 123
55 77 60 78
197 28 199 31
183 140 194 140
0 49 11 49
27 179 38 179
26 200 31 201
5 63 16 63
154 14 165 14
3 241 8 242
15 93 26 93
64 34 75 34
6 12 17 12
76 187 87 187
23 50 28 51
102 28 113 28
45 96 56 96
88 197 99 197
15 236 26 236
79 87 90 87
173 122 184 122
95 163 100 164
47 37 58 37
144 177 149 178
64 174 75 174
166 197 177 197
43 176 54 176
28 221 39 221
38 155 49 155
14 10 25 10
136 26 147 26
31 130 42 130
165 182 170 183
22 199 33 199
150 174 161 174
151 199 162 199
101 48 112 48
118 69 123 70
4 233 15 233
17 91 28 91
173 221 184 221
40 236 51 236
36 43 47 43
64 155 75 155
20 122 25 123
84 231 89 232
52 132 57 133
100 44 111 44
53 246 64 246
19 47 30 47
186 221 191 222
101 49 112 49
1 76 12 76
1 215 12 215
91 87 102 87
0 227 11 227
172 69 183 69
107 100 118 100
189 100 194 101
44 144 55 144
152 96 163 96
135 42 146 42
133 155 138 156
42 90 53 90
183 63 194 63
186 213 197 213
9 178 20 178
54 100 65 100
16 184 27 184
58 109 69 109
140 232 151 232
64 106 75 106
132 161 143 161
109 1 114 2
3 41 14 41
124 101 135 101
191 20 196 21
12 43 23 43
118 90 123 91
66 64 71 65
177 32 188 32
20 92 31 92
140 60 151 60
133 160 144 160
46 162 57 162
16 134 19 136
1 189 12 189
43 26 54 26
156 104 167 104
159 120 164 121
198 45 199 50
72 231 83 231
70 50 75 51
52 197 63 197
109 122 120 122
185 54 196 54
17 198 28 198
20 72 31 72
152 49 163 49
25 65 36 65
12 62 23 62
155 9 166 9
52 23 63 23
199 92 199 103
34 166 45 166
107 142 118 142
151 198 162 198
166 194 171 195
52 196 63 196
168 24 179 24
161 75 172 75
197 74 199 77
75 59 80 60
3 212 14 212
150 3 155 4
4 237 15 237
74 138 85 138
21 189 32 189
104 177 115 177
45 240 50 241
109 85 114 86
181 95 186 96
110 140 121 140
3 208 14 208
86 193 97 193
150 7 161 7
97 22 108 22
124 19 129 20
124 214 135 214
37 161 48 161
55 90 66 90
170 219 181 219
49 31 60 31
113 15 124 15
40 129 51 129
60 42 71 42
140 61 151 61
0 188 11 188
28 141 39 141
124 13 135 13
97 238 108 238
154 196 165 196
173 199 178 200
123 215 134 215
155 10 166 10
150 193 161 193
178 80 189 80
104 25 115 25
168 30 179 30
185 71 190 72
37 157 48 157
47 202 58 202
10 112 15 113
191 238 196 239
99 73 104 74
1 131 12 131
99 81 110 81
62 176 73 176
84 235 95 235
147 144 158 144
128 55 139 55
43 28 54 28
92 221 103 221
64 175 75 175
1 216 12 216
3 97 14 97
30 233 41 233
20 142 31 142
107 189 118 189
79 73 84 74
150 187 155 188
129 80 132 82
78 7 83 8
123 123 128 124
180 151 191 151
168 31 179 31
43 199 54 199
34 109 45 109
14 8 25 8
127 195 132 196
131 14 134 16
6 145 11 146
76 125 87 125
89 218 100 218
19 7 30 7
0 38 11 38
166 144 177 144
58 168 69 168
28 225 33 226
37 156 48 156
182 150 193 150
113 41 118 42
92 106 103 106
42 127 53 127
185 246 190 247
4 29 15 29
110 82 121 82
125 109 130 110
158 67 169 67
44 140 55 140
19 167 30 167
124 74 129 75
47 205 58 205
127 201 138 201
1 79 6 80
163 177 174 177
111 220 122 220
52 175 63 175
5 127 16 127
47 101 58 101
179 130 181 133
23 234 34 234
42 180 47 181
63 147 74 147
180 17 191 17
27 16 32 17
3 154 14 154
82 140 93 140
170 218 181 218
1 168 12 168
84 233 89 234
163 110 174 110
47 131 58 131
97 89 108 89
77 107 82 108
96 34 107 34
191 183 196 184
44 146 55 146
142 75 147 76
3 96 14 96
172 6 183 6
4 163 9 164
16 75 21 76
166 37 177 37
3 238 14 238
141 145 146 146
13 15 18 16
163 114 168 115
163 109 174 109
99 59 110 59
57 243 68 243
4 160 9 161
6 26 17 26
11 185 22 185
3 95 14 95
7 118 18 118
82 188 93 188
55 123 60 124
42 87 53 87
196 166 199 168
89 50 100 50
69 113 80 113
8 27 19 27
133 224 144 224
183 136 188 137
80 41 91 41
68 90 73 91
0 61 11 61
196 9 199 11
115 197 126 197
25 220 36 220
186 38 191 39
137 213 148 213
166 78 177 78
14 213 25 213
187 189 190 191
124 11 135 11
185 159 190 160
164 69 169 70
47 207 52 208
40 235 51 235
1 150 12 150
108 139 119 139
144 130 155 130
84 229 89 230
147 141 158 141
2 184 13 184
60 37 65 38
101 46 112 46
24 218 35 218
187 90 192 91
139 21 150 21
119 202 130 202
13 13 18 14
1 15 12 15
136 105 147 105
140 88 151 88
4 36 15 36
177 19 188 19
177 33 188 33
19 109 30 109
130 226 135 227
178 119 189 119
27 4 32 5
37 54 48 54
3 40 14 40
181 220 192 220
156 12 167 12
177 18 188 18
172 74 183 74
128 203 139 203
128 204 133 205
128 31 133 32
95 132 100 133
0 62 11 62
194 144 199 145
8 28 19 28
0 246 11 246
2 183 13 183
109 188 120 188
47 36 58 36
91 90 102 90
32 118 37 119
1 170 12 170
134 188 145 188
185 98 196 98
171 14 182 14
111 89 122 89
12 128 17 129
34 165 45 165
148 132 159 132
21 219 32 219
13 80 24 80
70 169 81 169
1 130 12 130
85 93 96 93
21 190 26 191
105 79 116 79
101 45 112 45
33 112 38 113
119 58 124 59
168 23 179 23
153 112 164 112
59 198 64 199
89 131 100 131
115 141 126 141
91 167 102 167
149 110 160 110
37 53 48 53
134 189 145 189
150 115 161 115
23 41 34 41
176 52 181 53
130 28 141 28
8 137 19 137
38 174 43 175
177 34 188 34
89 68 94 69
42 149 53 149
156 201 167 201
52 173 63 173
121 138 126 139
91 174 102 174
158 65 169 65
146 71 157 71
51 61 53 64
182 218 193 218
0 209 11 209
112 99 123 99
91 191 96 192
87 12 98 12
60 6 63 8
156 11 167 11
67 230 78 230
166 152 177 152
55 74 60 75
166 141 177 141
118 97 123 98
166 142 177 142
75 129 86 129
21 106 32 106
96 36 107 36
17 206 28 206
85 94 96 94
162 168 167 169
86 98 97 98
145 116 156 116
50 94 55 95
47 48 52 49
64 185 75 185
28 227 33 228
101 51 112 51
91 42 96 43
1 16 12 16
47 203 58 203
166 241 171 242
0 47 5 48
5 17 10 18
20 66 31 66
66 195 77 195
91 86 102 86
69 114 74 115
64 156 69 157
148 37 153 38
55 91 66 91
92 104 97 105
63 148 74 148
15 42 26 42
111 88 122 88
194 65 199 66
0 60 11 60
81 181 92 181
46 93 57 93
13 151 18 152
188 228 199 228
14 9 25 9
197 188 199 191
135 191 146 191
92 130 103 130
122 112 133 112
21 188 32 188
185 118 196 118
70 82 81 82
41 133 46 134
4 119 9 120
83 209 88 210
170 230 181 230
3 155 14 155
108 39 113 40
50 228 55 229
106 146 109 148
126 237 137 237
1 172 12 172
85 96 96 96
130 222 141 222
109 52 120 52
190 148 195 149
9 39 20 39
188 167 193 168
70 81 81 81
197 179 199 182
47 34 58 34
4 91 15 91
47 130 58 130
1 214 12 214
194 201 199 202
26 208 31 209
96 65 101 66
21 217 32 217
68 88 73 89
17 38 28 38
8 176 19 176
196 62 199 64
9 177 20 177
126 131 129 133
85 97 96 97
76 17 87 17
145 44 150 45
97 88 108 88
80 246 91 246
148 185 159 185
20 139 25 140
61 152 72 152
0 44 11 44
70 47 75 48
24 246 27 248
166 232 177 232
12 55 23 55
28 20 33 21
86 227 91 228
183 89 194 89
150 152 161 152
49 35 60 35
168 104 179 104
3 173 8 174
0 222 5 223
16 181 27 181
71 226 82 226
172 158 183 158
49 187 51 190
91 48 96 49
67 77 78 77
161 204 166 205
194 214 199 215
105 213 110 214
194 45 197 47
49 220 60 220
40 23 51 23
96 140 107 140
49 226 54 227
150 5 155 6
46 198 57 198
12 67 23 67
39 179 50 179
26 214 31 215
11 114 16 115
144 131 155 131
134 231 145 231
21 212 32 212
46 217 57 217
119 66 130 66
188 105 199 105
33 142 44 142
66 54 71 55
115 198 120 199
79 186 90 186
18 211 29 211
130 223 141 223
150 68 161 68
185 205 196 205
95 150 106 150
180 240 191 240
3 186 8 187
119 86 130 86
75 128 86 128
163 76 174 76
3 94 14 94
133 157 138 158
10 23 21 23
0 224 5 225
46 30 57 30
153 113 164 113
59 213 62 215
112 94 123 94
62 228 73 228
189 102 194 103
0 59 11 59
185 67 196 67
40 159 51 159
0 31 3 33
21 103 26 104
76 189 87 189
48 174 59 174
30 232 41 232
170 77 181 77
105 98 116 98
97 120 102 121
81 182 92 182
157 116 168 116
3 92 14 92
149 109 160 109
195 134 197 137
21 107 32 107
47 201 58 201
55 125 60 126
78 5 83 6
53 169 58 170
49 50 54 51
107 143 112 144
175 131 178 133
28 146 39 146
52 128 57 129
80 66 83 68
172 20 183 20
96 33 107 33
105 167 110 168
144 241 149 242
103 54 114 54
14 182 25 182
43 29 54 29
99 58 110 58
137 215 142 216
28 231 39 231
152 153 157 154
131 66 142 66
99 141 110 141
32 120 37 121
111 91 116 92
138 176 149 176
99 57 110 57
112 186 123 186
55 177 66 177
181 93 186 94
53 4 58 5
185 169 196 169
101 161 104 163
4 180 15 180
187 194 190 196
158 211 169 211
72 141 83 141
41 131 46 132
43 225 54 225
197 57 199 60
18 210 29 210
101 55 112 55
191 196 194 198
136 106 141 107
179 125 181 128
17 207 28 207
161 106 172 106
122 231 127 232
135 182 140 183
146 168 149 170
14 195 19 196
106 19 111 20
1 166 12 166
176 50 181 51
22 82 27 83
0 81 11 81
165 166 170 167
83 19 88 20
104 179 115 179
99 60 104 61
77 190 88 190
47 134 50 136
2 181 7 182
33 96 44 96
1 151 12 151
182 37 193 37
111 56 116 57
49 32 60 32
13 34 24 34
161 79 164 81
27 70 32 71
68 86 73 87
96 31 107 31
67 58 78 58
182 219 193 219
1 14 12 14
75 130 86 130
163 178 174 178
125 145 130 146
156 108 167 108
130 142 133 144
97 84 108 84
8 90 19 90
101 53 112 53
118 73 123 74
48 21 53 22
107 187 118 187
97 82 108 82
3 153 14 153
0 43 11 43
138 23 149 23
47 99 58 99
74 126 85 126
162 189 167 190
177 60 182 61
4 158 9 159
0 71 11 71
197 233 199 236
64 193 75 193
75 70 78 72
46 33 57 33
144 184 155 184
28 236 39 236
0 116 11 116
52 172 63 172
116 181 121 182
162 243 173 243
12 35 23 35
176 21 187 21
86 168 97 168
0 58 11 58
158 63 163 64
76 127 87 127
134 209 139 210
74 132 85 132
168 216 179 216
50 171 61 171
144 186 155 186
37 195 48 195
180 235 191 235
40 139 51 139
82 183 93 183
185 26 188 28
171 214 176 215
21 101 32 101
18 26 29 26
181 23 184 25
33 241 44 241
135 217 140 218
123 239 128 240
40 137 51 137
83 243 94 243
110 87 121 87
72 139 83 139
33 217 44 217
119 60 124 61
184 206 189 207
1 165 12 165
61 167 72 167
138 47 149 47
196 106 198 109
28 42 39 42
47 97 58 97
19 108 30 108
32 168 37 169
121 105 132 105
91 88 96 89
0 220 5 221
40 244 45 245
0 67 11 67
15 193 20 194
162 137 167 138
77 134 88 134
118 67 123 68
89 114 94 115
26 22 31 23
26 174 37 174
28 229 33 230
55 119 58 121
0 117 11 117
72 229 83 229
103 180 114 180
1 236 12 236
0 128 11 128
15 169 26 169
165 45 176 45
175 76 186 76
71 110 74 112
157 18 168 18
15 100 26 100
78 29 89 29
15 74 26 74
120 36 131 36
1 137 6 138
64 153 69 154
40 138 51 138
162 134 165 136
96 85 107 85
46 196 51 197
165 143 176 143
168 22 179 22
80 35 91 35
88 125 99 125
131 242 136 243
4 211 15 211
25 172 36 172
147 142 152 143
168 217 179 217
75 135 86 135
43 190 48 191
15 95 18 97
1 213 12 213
97 107 99 110
181 115 192 115
107 118 118 118
24 27 29 28
116 9 121 10
125 154 136 154
99 170 110 170
94 172 105 172
39 153 50 153
26 213 37 213
112 95 117 96
178 237 189 237
91 171 102 171
117 123 122 124
102 17 107 18
20 24 31 24
79 184 90 184
24 29 29 30
156 209 167 209
179 91 184 92
191 23 196 24
113 151 118 152
58 107 63 108
29 186 34 187
161 206 166 207
134 211 139 212
49 223 54 224
44 147 49 148
135 31 137 34
64 163 69 164
102 225 113 225
122 17 127 18
118 14 129 14
51 84 54 86
151 114 162 114
166 192 171 193
142 33 153 33
170 124 181 124
154 57 159 58
127 193 132 194
170 231 181 231
19 48 30 48
45 212 56 212
0 100 5 101
148 8 153 9
46 200 57 200
178 180 183 181
148 35 153 36
0 82 11 82
62 56 73 56
141 78 152 78
23 52 28 53
112 77 123 77
158 91 163 92
93 75 98 76
178 81 183 82
187 120 192 121
72 142 83 142
17 63 22 64
17 32 28 32
151 48 162 48
18 31 29 31
113 115 118 116
156 234 161 235
180 241 185 242
27 68 32 69
0 144 11 144
1 152 12 152
160 74 171 74
159 182 164 183
74 133 85 133
1 175 12 175
18 54 29 54
134 56 139 57
173 185 175 188
179 100 184 101
26 173 37 173
77 131 88 131
0 57 11 57
78 195 80 198
107 185 118 185
61 165 66 166
194 231 199 232
89 173 100 173
32 237 43 237
175 174 180 175
44 27 55 27
115 184 126 184
85 104 90 105
17 25 28 25
190 64 193 66
19 143 30 143
112 58 117 59
87 91 92 92
19 220 24 221
0 218 5 219
159 210 170 210
180 134 182 137
148 24 153 25
58 240 63 241
197 70 199 73
164 47 175 47
72 200 83 200
12 209 23 209
21 39 32 39
166 85 168 88
105 231 108 233
148 16 153 17
78 31 83 32
118 64 123 65
25 171 36 171
136 29 147 29
81 179 86 180
1 13 12 13
12 147 23 147
141 43 144 45
131 109 134 111
187 241 190 243
170 129 181 129
0 56 11 56
63 66 65 69
178 78 183 79
131 113 136 114
80 38 83 40
46 91 51 92
0 156 5 157
115 54 120 55
167 205 170 207
139 219 142 221
101 132 106 133
28 43 33 44
70 140 81 140
18 11 23 12
51 73 62 73
148 126 153 127
156 111 167 111
61 82 63 85
0 119 3 121
165 198 170 199
70 122 75 123
89 151 100 151
102 222 113 222
21 98 32 98
148 128 153 129
80 136 85 137
128 225 139 225
36 218 41 219
48 46 53 47
83 23 86 25
197 184 199 187
0 129 11 129
181 113 186 114
26 170 37 170
165 226 168 228
178 83 183 84
140 141 145 142
101 135 106 136
15 191 20 192
0 191 0 202
138 62 143 63
99 138 104 139
33 176 38 177
64 194 75 194
190 161 193 163
179 98 184 99
64 43 69 44
69 127 74 128
157 59 160 61
28 8 33 9
191 177 196 178
176 58 181 59
190 146 195 147
81 52 86 53
3 98 8 99
125 15 130 16
171 153 176 154
196 110 198 113
172 145 177 146
0 102 3 104
0 55 11 55
157 50 162 51
15 189 20 190
138 234 143 235
76 238 79 240
144 162 155 162
17 40 22 41
58 105 63 106
71 145 76 146
195 129 197 132
8 9 13 10
125 142 128 144
21 148 26 149
153 223 158 224
98 102 101 104
119 62 124 63
90 10 95 11
114 102 119 103
1 52 4 54
112 60 117 61
83 177 88 178
125 43 127 46
68 26 73 27
118 75 123 76
1 147 6 148
148 10 153 11
2 230 7 231
34 151 37 153
145 164 148 166
127 155 132 156
137 69 142 70
33 214 38 215
39 33 44 34
38 119 41 121
142 27 147 28
137 71 142 72
51 79 54 81
22 20 27 21
3 105 5 108
162 28 167 29
77 19 82 20
20 223 25 224
192 141 195 143
75 73 78 75
0 26 5 27
45 209 50 210
55 213 58 215
92 237 95 239
117 217 122 218
6 112 9 114
185 183 190 184
66 114 68 117
51 76 54 78
164 229 169 230
131 170 133 173
2 177 7 178
196 78 199 80
196 81 197 86
112 22 115 24
196 114 198 117
104 128 107 130
89 121 94 122
131 39 134 41
56 226 58 229
42 55 47 56
110 181 115 182
0 65 5 66
97 123 102 124
142 138 147 139
161 132 166 133
34 223 35 228
109 7 114 8
176 55 181 56
0 28 3 30
66 150 71 151
27 165 32 166
188 46 193 47
99 168 104 169
0 114 5 115
183 30 188 31
114 38 117 40
115 107 120 108
78 33 83 34
1 17 4 19
157 55 162 56
23 185 28 186
160 39 165 40
7 79 12 80
0 109 5 110
43 31 48 32
192 208 195 210
193 152 195 155
174 150 179 151
25 144 30 145
17 51 22 52
62 53 65 55
168 171 171 173
101 26 106 27
48 192 51 194
0 234 5 235
3 139 5 142
143 132 146 134
165 212 170 213
59 162 62 164
0 145 5 146
101 19 104 21
76 12 78 15
72 197 77 198
146 171 149 173
0 112 5 113
150 194 153 196
148 12 153 13
166 102 171 103
128 242 130 245
85 157 90 158
144 148 149 149
34 126 39 127
172 148 177 149
111 243 114 245
29 89 32 91
60 12 63 14
194 49 197 51
16 29 21 30
6 34 11 35
171 127 176 128
114 104 119 105
29 113 32 115
148 14 153 15
47 184 50 186
21 230 26 231
25 45 30 46
67 47 69 50
72 118 74 121
166 20 171 21
90 229 91 234
29 205 32 207
172 17 175 19
43 50 48 51
8 181 13 182
115 112 118 114
0 89 3 91
162 117 165 119
169 130 174 131
133 193 136 195
197 237 198 242
59 127 61 130
167 156 172 157
180 7 183 9
184 165 187 167
51 209 54 211
162 244 164 247
150 30 153 32
1 20 4 22
181 26 184 28
101 207 104 209
102 14 105 16
89 143 91 146
146 187 149 189
103 157 105 160
103 86 108 87
17 119 19 122
111 240 114 242
169 189 172 191
197 16 197 27
0 158 3 160
183 211 188 212
18 20 21 22
0 86 3 88
186 106 189 108
66 158 69 160
87 128 90 130
140 209 143 211
101 211 104 213
64 134 67 136
64 180 67 182
112 203 114 206
178 43 180 46
8 68 11 70
94 109 96 112
162 163 164 166
177 93 180 95
0 125 3 127
0 122 3 124
40 146 43 148
75 116 76 121
102 147 105 149
48 180 51 182
96 59 98 62
178 232 181 234
55 221 58 223
177 201 179 204
0 162 3 164
97 45 100 47
60 16 63 18
0 4 1 9
0 204 2 207
0 240 2 243
114 67 117 69
81 59 83 62
16 237 18 240
0 93 2 96
185 100 188 102
24 67 26 70
13 197 16 199
0 39 2 42
0 23 3 25
137 58 139 61
24 55 26 58
0 83 3 85
166 13 168 16
17 124 19 127
181 85 183 88
13 130 15 133
60 66 62 69
134 102 137 104
0 105 2 108
103 173 105 176
72 61 74 64
129 238 131 241
111 227 113 230
188 185 190 188
157 155 159 158
0 131 0 142
136 96 138 99
187 111 189 114
154 126 156 129
104 142 106 145
89 174 90 179
26 122 27 127
0 165 0 176
0 182 1 187
194 119 194 130
127 138 129 141
185 190 186 195
0 10 0 21
109 89 110 94
23 156 24 161
82 80 83 85
177 96 178 101
166 22 167 27
0 228 1 233
111 190 112 195
45 201 46 206
46 66 47 71
45 34 46 39
13 189 14 194
120 128 120 139
164 91 164 102
141 0 151 0
127 200 137 200
159 222 169 222
77 28 87 28
16 36 26 36
15 204 25 204
142 140 152 140
28 78 38 78
150 200 160 200
59 244 69 244
25 15 35 15
173 75 183 75
59 242 69 242
16 33 26 33
88 170 98 170
131 202 141 202
196 26 196 36
189 26 189 36
0 0 9 0
76 249 85 249
35 0 39 1
137 247 146 247
134 2 143 2
42 44 51 44
45 89 54 89
103 111 112 111
121 130 130 130
173 62 182 62
87 247 96 247
47 132 51 133
162 239 171 239
156 233 165 233
198 223 199 227
26 182 30 183
119 26 123 27
187 182 196 182
0 179 9 179
0 50 4 51
12 116 16 117
87 245 96 245
156 240 165 240
168 162 177 162
131 67 135 68
101 56 110 56
138 64 142 65
149 121 158 121
135 84 139 85
77 18 86 18
142 229 151 229
18 141 27 141
17 19 26 19
72 190 76 191
130 92 134 93
158 107 167 107
27 168 31 169
13 72 17 73
169 126 178 126
22 75 26 76
79 57 83 58
60 19 64 20
23 137 27 138
93 181 97 182
130 95 134 96
131 48 135 49
154 182 158 183
102 62 103 66
58 71 62 72
152 84 153 88
186 238 190 239
31 108 32 112
66 36 67 40
96 202 97 206
58 92 59 96
145 79 146 83
125 192 126 196
76 7 77 11
120 100 121 104
103 214 104 218
190 141 191 145
89 152 90 156
76 31 77 35
170 69 171 73
143 214 143 223
180 22 180 31
52 1 60 1
157 125 165 125
33 243 41 243
163 176 171 176
150 151 158 151
85 95 93 95
2 185 10 185
24 37 32 37
52 124 54 126
82 236 90 236
155 66 163 66
122 148 124 150
71 223 73 225
89 118 97 118
0 210 2 212
164 105 172 105
75 203 83 203
197 156 199 158
6 100 8 102
61 79 63 81
185 122 193 122
12 188 20 188
18 105 26 105
46 230 54 230
194 233 196 235
113 183 121 183
88 88 90 90
184 171 186 173
103 154 105 156
59 131 61 133
86 14 88 16
0 97 2 99
148 179 150 181
118 207 120 209
97 42 99 44
66 103 68 105
0 153 2 155
147 190 149 192
24 59 26 61
45 115 47 117
156 186 158 188
0 237 2 239
50 168 52 170
137 50 139 52
13 134 15 136
0 72 0 80
18 217 20 219
45 192 47 194
157 159 159 161
107 131 107 139
40 220 42 222
185 221 185 229
134 30 134 38
33 101 33 109
140 249 147 249
106 157 113 157
113 191 120 191
128 4 135 4
54 141 57 142
101 52 108 52
173 220 180 220
192 170 199 170
39 176 42 177
76 235 83 235
39 242 46 242
40 140 43 141
65 161 72 161
97 152 100 153
192 38 193 41
115 120 118 121
20 222 27 222
178 39 185 39
42 162 45 163
20 27 23 28
112 9 115 10
127 78 128 81
93 91 96 92
100 30 107 30
111 80 114 81
136 226 139 227
171 223 172 226
43 48 46 49
190 206 193 207
115 85 118 86
51 74 54 75
24 43 27 44
116 63 117 66
22 22 25 23
97 48 100 49
15 205 16 208
127 169 130 170
131 157 132 160
189 18 190 21
145 221 146 224
32 92 33 95
115 123 116 126
110 21 111 24